# General Information:
# 
# BFS [main project name]
# Boundary layer [sub project name]
# WOTAN [wind tunnel facility]
# 1:400 [model scale]
# 400 [Zref - model scale[mm]]
# 160.0 [Zref - full scale[m]]
# 1:400.0 [Lref - model scale[m]]
# 6.25e-06 [Lref - full scale[m]]
# 
# Flow measurements:
# 
# 13 [number of columns]
# UW [directly measured components]
# Winddirection [deg], X_fs [m], Y_fs [m], Z_fs [m], Uref-model [m/s], U/Uref [-], W/Uref [-], U_rms [-], W_rms [-], u'w', I_u [-], I_w [-], L_ux (full scale) [m]
359.40875833 -820.00000000 0.00000000 12.00000000 5.81966700 0.42747302 -0.00441130 0.10308728 0.06180837 -0.00210900 0.23853421 0.14301870 77.03370689
359.44352826 -820.00000000 0.00000000 14.00000000 5.84096200 0.44505465 -0.00432262 0.10304461 0.05899941 -0.00200900 0.22940200 0.13134682 98.16632464
359.31187346 -820.00000000 0.00000000 16.00000000 5.81786400 0.47333695 -0.00568509 0.10356673 0.05862924 -0.00204900 0.21703975 0.12286643 101.36211567
359.44007045 -820.00000000 0.00000000 18.00000000 5.80979200 0.48332673 -0.00472352 0.09991256 0.05817124 -0.00193300 0.20513752 0.11943547 103.15763602
359.50497768 -820.00000000 0.00000000 20.00000000 5.84089300 0.49687394 -0.00429298 0.10113874 0.05673501 -0.00186500 0.20216082 0.11340458 139.54687207
359.47975457 -820.00000000 0.00000000 24.00000000 5.82490400 0.51970063 -0.00471901 0.09911926 0.05674897 -0.00196000 0.18953677 0.10851591 118.61863058
359.29106762 -820.00000000 0.00000000 28.00000000 5.80525000 0.54494435 -0.00674305 0.09899019 0.05632108 -0.00173700 0.18063821 0.10277523 140.73529212
358.97232060 -820.00000000 0.00000000 32.00000000 5.81179100 0.56234793 -0.01008757 0.09828937 0.05619399 -0.00180700 0.17386496 0.09940205 155.83028244
359.24830094 -820.00000000 0.00000000 36.00000000 5.84007800 0.56150789 -0.00736719 0.09694502 0.05546649 -0.00171500 0.17177224 0.09827842 191.44946395
358.94226585 -820.00000000 0.00000000 40.00000000 5.84216400 0.57788423 -0.01066950 0.09565053 0.05447374 -0.00172000 0.16473527 0.09381806 163.78525553
358.95522235 -820.00000000 0.00000000 44.00000000 5.83955900 0.58331261 -0.01063777 0.09300630 0.05653889 -0.00176600 0.15865349 0.09644607 170.23945554
358.87376000 -820.00000000 0.00000000 48.00000000 5.81786700 0.60270664 -0.01184869 0.09438809 0.05538466 -0.00168800 0.15590047 0.09147864 224.44078076
358.92150341 -820.00000000 0.00000000 52.00000000 5.81664800 0.60791649 -0.01144436 0.08908460 0.05529126 -0.00158100 0.14589898 0.09055367 152.80396475
358.75077959 -820.00000000 0.00000000 56.00000000 5.84495900 0.61123952 -0.01332897 0.09235778 0.05580736 -0.00179400 0.15042131 0.09089236 217.17638555
358.79175450 -820.00000000 0.00000000 60.00000000 5.82333300 0.63075483 -0.01330324 0.08807751 0.05477987 -0.00159700 0.13907314 0.08649665 171.68478859
358.76309575 -820.00000000 0.00000000 68.00000000 5.82928100 0.63587750 -0.01372949 0.08777139 0.05386160 -0.00158000 0.13749648 0.08437579 203.75201127
358.70342729 -820.00000000 0.00000000 76.00000000 5.81637200 0.65083002 -0.01473045 0.08226834 0.05471698 -0.00145900 0.12592224 0.08375136 168.45821678
358.54411157 -820.00000000 0.00000000 84.00000000 5.84199400 0.66386736 -0.01687253 0.08306000 0.05383340 -0.00149200 0.12466079 0.08079598 223.21432080
358.63977451 -820.00000000 0.00000000 92.00000000 5.83270400 0.67059629 -0.01592322 0.07868489 0.05296940 -0.00135600 0.11693447 0.07871840 190.78707886
358.60966967 -820.00000000 0.00000000 100.00000000 5.82734300 0.67818240 -0.01645990 0.07908198 0.05314080 -0.00130800 0.11621362 0.07809219 199.88939959
358.57033505 -820.00000000 0.00000000 110.00000000 5.81781800 0.69583358 -0.01736629 0.07547479 0.05247153 -0.00119000 0.10812255 0.07516888 194.74614217
358.54678815 -820.00000000 0.00000000 120.00000000 5.82787500 0.69694017 -0.01768052 0.07523514 0.05257360 -0.00122200 0.10760746 0.07519508 221.04265480
358.48054471 -820.00000000 0.00000000 130.00000000 5.83799900 0.71004387 -0.01883442 0.07324883 0.05152823 -0.00122800 0.10285203 0.07235315 186.02990404
358.63556272 -820.00000000 0.00000000 140.00000000 5.81016300 0.72191570 -0.01719490 0.06998801 0.05010108 -0.00106300 0.09668466 0.06921193 198.55256162
