WT-LDAref file started 05-06-2025 11:23:49
1 11:28:02 0.002794 5.819667
2 11:31:05 0.114613 5.840962
3 11:34:11 0.002804 5.817864
4 11:37:14 0.323384 5.809792
5 11:40:19 0.002702 5.840893
6 11:43:23 0.002931 5.824904
7 11:46:28 0.002701 5.80525
8 11:49:33 0.002618 5.811791
9 11:52:37 0.002787 5.840078
10 11:55:41 0.002497 5.842164
11 11:58:46 0.002784 5.839559
12 12:01:51 0.002569 5.817867
13 12:04:56 0.002885 5.816648
14 12:08:00 0.002713 5.844959
15 12:11:05 0.002541 5.823333
16 12:14:10 0.002988 5.829281
17 12:17:16 0.002666 5.816372
18 12:20:22 0.002756 5.841994
19 12:23:27 0.002905 5.832704
20 12:26:32 0.236562 5.827343
21 12:29:39 0.002574 5.817818
22 12:32:43 0.002511 5.827875
23 12:35:53 0.002678 5.837999
24 12:38:58 0.002497 5.810163
